1,100.0
2,99.99799999999999
3,99.99599999999998
4,99.99399999999997
5,99.99199999999996
6,99.98999999999995
7,99.98799999999994
8,99.98599999999993
9,99.98399999999992
10,99.98199999999991
11,99.9799999999999
12,99.9779999999999
13,99.97599999999989
14,99.97399999999988
15,99.97199999999987
16,99.96999999999986
17,99.96799999999985
18,99.96599999999984
19,99.96399999999983
20,99.96199999999982
21,99.95999999999981
22,99.9579999999998
23,99.95599999999979
24,99.95399999999978
25,99.95199999999977
26,99.94999999999976
27,99.94799999999975
28,99.94599999999974
29,99.94399999999973
30,99.94199999999972
31,99.93999999999971
32,99.9379999999997
33,99.9369999999997
34,99.9359999999997
35,99.93499999999969
36,99.93399999999968
37,99.93299999999968
38,99.93199999999968
39,99.93099999999967
40,99.92999999999967
41,99.92899999999966
42,99.92799999999966
43,99.92699999999965
44,99.92599999999965
45,99.92499999999964
46,99.92399999999964
47,99.92299999999963
48,99.92199999999963
49,99.92099999999962
50,99.91999999999962
51,99.91899999999961
52,99.91799999999961
53,99.9169999999996
54,99.9159999999996
55,99.9149999999996
56,99.91399999999959
57,99.91299999999958
58,99.91199999999958
59,99.91099999999958
60,99.90999999999957
61,99.90899999999957
62,99.90799999999956
63,99.90699999999956
64,99.90599999999955
65,99.90499999999955
66,99.90399999999954
67,99.90299999999954
68,99.90199999999953
69,99.90099999999953
70,99.89999999999952
71,99.89899999999952
72,99.89799999999951
73,99.89699999999951
74,99.8959999999995
75,99.8949999999995
76,99.8939999999995
77,99.89299999999949
78,99.89199999999948
79,99.89099999999948
80,99.88999999999947
81,99.88899999999947
82,99.88799999999947
83,99.88699999999946
84,99.88599999999946
85,99.88499999999945
86,99.88399999999945
87,99.88299999999944
88,99.88199999999944
89,99.88099999999943
90,99.87999999999943
91,99.87899999999942
92,99.87799999999942
93,99.87699999999941
94,99.87599999999941
95,99.8749999999994
96,99.8739999999994
97,99.8729999999994
98,99.87199999999939
99,99.87099999999938
100,99.86999999999938
101,99.86899999999937
102,99.86799999999937
103,99.86699999999936
104,99.86599999999936
105,99.86499999999936
106,99.86399999999935
107,99.86299999999935
108,99.86199999999934
109,99.86099999999934
110,99.85999999999933
111,99.85899999999933
112,99.85799999999932
113,99.85699999999932
114,99.85599999999931
115,99.85499999999931
116,99.8539999999993
117,99.8529999999993
118,99.8519999999993
119,99.85099999999929
120,99.84999999999928
121,99.84899999999928
122,99.84799999999927
123,99.84699999999927
124,99.84599999999926
125,99.84499999999926
126,99.84399999999926
127,99.84299999999925
128,99.84199999999925
129,99.84099999999924
130,99.83999999999924
131,99.83899999999923
132,99.83799999999923
133,99.83699999999922
134,99.83599999999922
135,99.83499999999921
136,99.83399999999921
137,99.8329999999992
138,99.8319999999992
139,99.8309999999992
140,99.82999999999919
141,99.82899999999918
142,99.82799999999918
143,99.82699999999917
144,99.82599999999917
145,99.82499999999916
146,99.82399999999916
147,99.82299999999915
148,99.82199999999915
149,99.82099999999915
150,99.81999999999914
151,99.81899999999914
152,99.81799999999913
153,99.81699999999913
154,99.81599999999912
155,99.81499999999912
156,99.81399999999911
157,99.8129999999991
158,99.8119999999991
159,99.8109999999991
160,99.80999999999909
161,99.80899999999909
162,99.80799999999908
163,99.80699999999908
164,99.80599999999907
165,99.80499999999907
166,99.80299999999906
167,99.80099999999905
168,99.79899999999904
169,99.79699999999903
170,99.79499999999902
171,99.79299999999901
172,99.790999999999
173,99.78899999999899
174,99.78699999999898
175,99.78499999999897
176,99.78299999999896
177,99.78099999999895
178,99.77899999999894
179,99.77699999999894
180,99.77499999999893
181,99.77299999999892
182,99.7709999999989
183,99.7689999999989
184,99.76699999999889
185,99.76499999999888
186,99.76299999999887
187,99.76099999999886
188,99.75899999999885
189,99.75699999999884
190,99.75499999999883
191,99.75299999999882
192,99.75099999999881
193,99.7489999999988
194,99.74699999999879
195,99.74499999999878
196,99.74299999999877
197,99.74099999999876
198,99.73899999999875
199,99.73699999999874
200,99.73499999999873
201,99.73299999999873
202,99.73099999999872
203,99.7289999999987
204,99.7269999999987
205,99.72499999999869
206,99.72299999999868
207,99.72099999999867
208,99.71899999999866
209,99.71699999999865
210,99.71499999999864
211,99.71299999999863
212,99.71099999999862
213,99.70899999999861
214,99.7069999999986
215,99.70499999999859
216,99.70299999999858
217,99.70099999999857
218,99.69899999999856
219,99.69699999999855
220,99.69499999999854
221,99.69299999999853
222,99.69099999999852
223,99.68899999999852
224,99.6869999999985
225,99.6849999999985
226,99.68299999999849
227,99.68099999999848
228,99.67899999999847
229,99.67699999999846
230,99.67499999999845
231,99.67299999999844
232,99.67099999999843
233,99.66899999999842
234,99.66699999999841
235,99.6649999999984
236,99.66299999999839
237,99.66099999999838
238,99.65899999999837
239,99.65699999999836
240,99.65499999999835
241,99.65299999999834
242,99.65099999999833
243,99.64899999999832
244,99.64699999999831
245,99.6449999999983
246,99.6429999999983
247,99.64099999999829
248,99.63899999999828
249,99.63699999999827
250,99.63499999999826
251,99.63299999999825
252,99.63099999999824
253,99.62899999999823
254,99.62699999999822
255,99.62499999999821
256,99.6229999999982
257,99.62099999999819
258,99.61899999999818
259,99.61699999999817
260,99.61499999999816
261,99.61299999999815
262,99.61099999999814
263,99.60899999999813
264,99.60699999999812
265,99.60499999999811
266,99.6029999999981
267,99.6009999999981
268,99.59899999999809
269,99.59699999999808
270,99.59499999999807
271,99.59299999999806
272,99.59099999999805
273,99.58899999999804
274,99.58699999999803
275,99.58499999999802
276,99.58299999999801
277,99.580999999998
278,99.57899999999799
279,99.57699999999798
280,99.57499999999797
281,99.57299999999796
282,99.57099999999795
283,99.56899999999794
284,99.56699999999793
285,99.56499999999792
286,99.56299999999791
287,99.5609999999979
288,99.5589999999979
289,99.55699999999788
290,99.55499999999788
291,99.55299999999787
292,99.55099999999786
293,99.54899999999785
294,99.54699999999784
295,99.54499999999783
296,99.54299999999782
297,99.54099999999781
298,99.5389999999978
299,99.53699999999779
300,99.53499999999778
301,99.53299999999777
302,99.53099999999776
303,99.52899999999775
304,99.52699999999774
305,99.52499999999773
306,99.52299999999772
307,99.52099999999771
308,99.5189999999977
309,99.5179999999977
310,99.51599999999769
311,99.51499999999768
312,99.51399999999768
313,99.51299999999767
314,99.51199999999767
315,99.51099999999767
316,99.50999999999766
317,99.50899999999766
318,99.50799999999765
319,99.50699999999765
320,99.50599999999764
321,99.50499999999764
322,99.50399999999763
323,99.50299999999763
324,99.50199999999762
325,99.50099999999762
326,99.49999999999761
327,99.49899999999761
328,99.4979999999976
329,99.4969999999976
330,99.49499999999759
331,99.49399999999758
332,99.49299999999758
333,99.49199999999757
334,99.49099999999757
335,99.48999999999756
336,99.48899999999756
337,99.48799999999756
338,99.48699999999755
339,99.48599999999755
340,99.48499999999754
341,99.48399999999754
342,99.48299999999753
343,99.48199999999753
344,99.47999999999752
345,99.47899999999751
346,99.47799999999751
347,99.4769999999975
348,99.4759999999975
349,99.4749999999975
350,99.47399999999749
351,99.47299999999748
352,99.47199999999748
353,99.47099999999747
354,99.46999999999747
355,99.46799999999746
356,99.46699999999746
357,99.46599999999745
358,99.46499999999745
359,99.46399999999744
360,99.46299999999744
361,99.46199999999743
362,99.46099999999743
363,99.45899999999742
364,99.45799999999741
365,99.45699999999741
366,99.4559999999974
367,99.4549999999974
368,99.4539999999974
369,99.45199999999738
370,99.45099999999738
371,99.44999999999737
372,99.44899999999737
373,99.44799999999736
374,99.44599999999735
375,99.44499999999735
376,99.44399999999735
377,99.44299999999734
378,99.44199999999734
379,99.43999999999733
380,99.43899999999732
381,99.43799999999732
382,99.4359999999973
383,99.4349999999973
384,99.4339999999973
385,99.43199999999729
386,99.43099999999728
387,99.42999999999728
388,99.42899999999727
389,99.42799999999727
390,99.42699999999726
391,99.42599999999726
392,99.42499999999725
393,99.42399999999725
394,99.42299999999724
395,99.42199999999724
396,99.42099999999724
397,99.41999999999723
398,99.41899999999723
399,99.41799999999722
400,99.41699999999722
401,99.41599999999721
402,99.4149999999972
403,99.4139999999972
404,99.4129999999972
405,99.41199999999719
406,99.41099999999719
407,99.40999999999718
408,99.40899999999718
409,99.40799999999717
410,99.40699999999717
411,99.40599999999716
412,99.40499999999716
413,99.40399999999715
414,99.40299999999715
415,99.40199999999714
416,99.40099999999714
417,99.39999999999714
418,99.39899999999713
419,99.39799999999713
420,99.39699999999712
421,99.39599999999712
422,99.39499999999711
423,99.3939999999971
424,99.3929999999971
425,99.3919999999971
426,99.39099999999709
427,99.38999999999709
428,99.38899999999708
429,99.38799999999708
430,99.38699999999707
431,99.38599999999707
432,99.38499999999706
433,99.38399999999706
434,99.38299999999705
435,99.38199999999705
436,99.38099999999704
437,99.37999999999704
438,99.37899999999703
439,99.37799999999703
440,99.37699999999703
441,99.37599999999702
442,99.37499999999702
443,99.37399999999701
444,99.372999999997
445,99.371999999997
446,99.370999999997
447,99.36999999999699
448,99.36899999999699
449,99.36799999999698
450,99.36699999999698
451,99.36599999999697
452,99.36499999999697
453,99.36399999999696
454,99.36299999999696
455,99.36199999999695
456,99.36099999999695
457,99.35999999999694
458,99.35899999999694
459,99.35799999999693
460,99.35699999999693
461,99.35599999999692
462,99.35499999999692
463,99.35399999999692
464,99.35299999999691
465,99.3519999999969
466,99.3509999999969
467,99.3499999999969
468,99.34899999999689
469,99.34799999999689
470,99.34699999999688
471,99.34599999999688
472,99.34499999999687
473,99.34399999999687
474,99.34299999999686
475,99.34199999999686
476,99.34099999999685
477,99.33999999999685
478,99.33899999999684
479,99.33799999999684
480,99.33699999999683
481,99.33599999999683
482,99.33499999999682
483,99.33399999999682
484,99.33299999999682
485,99.33199999999681
486,99.3309999999968
487,99.3299999999968
488,99.3289999999968
489,99.32799999999679
490,99.32699999999679
491,99.32599999999678
492,99.32499999999678
493,99.32399999999677
494,99.32299999999677
495,99.32199999999676
496,99.32099999999676
497,99.31999999999675
498,99.31899999999675
499,99.31799999999674
500,99.31699999999674
501,99.31599999999673
502,99.31499999999673
503,99.31399999999672
504,99.31299999999672
505,99.31199999999671
506,99.31099999999671
507,99.3099999999967
508,99.3089999999967
509,99.3079999999967
510,99.30699999999669
511,99.30599999999669
512,99.30499999999668
513,99.30399999999668
514,99.30299999999667
515,99.30199999999667
516,99.30099999999666
517,99.29999999999666
518,99.29899999999665
519,99.29799999999665
520,99.29699999999664
521,99.29599999999664
522,99.29499999999663
523,99.29399999999663
524,99.29299999999662
525,99.29199999999662
526,99.29099999999661
527,99.28999999999661
528,99.2889999999966
529,99.2879999999966
530,99.2869999999966
531,99.28599999999659
532,99.28499999999659
533,99.28399999999658
534,99.28299999999658
535,99.28199999999657
536,99.28099999999657
537,99.27999999999656
538,99.27899999999656
539,99.27799999999655
540,99.27699999999655
541,99.27599999999654
542,99.27499999999654
543,99.27399999999653
544,99.27299999999653
545,99.27199999999652
546,99.27099999999652
547,99.26999999999651
548,99.26899999999651
549,99.2679999999965
550,99.2669999999965
551,99.2659999999965
552,99.26499999999649
553,99.26399999999649
554,99.26299999999648
555,99.26199999999648
556,99.26099999999647
557,99.25999999999647
