1,100.0
2,99.99799999999999
3,99.99599999999998
4,99.99399999999997
5,99.99199999999996
6,99.98999999999995
7,99.98799999999994
8,99.98599999999993
9,99.98399999999992
10,99.98199999999991
11,99.9799999999999
12,99.9779999999999
13,99.97599999999989
14,99.97399999999988
15,99.97199999999987
16,99.96999999999986
17,99.96799999999985
18,99.96599999999984
19,99.96399999999983
20,99.96199999999982
21,99.95999999999981
22,99.9579999999998
23,99.95599999999979
24,99.95399999999978
25,99.95199999999977
26,99.94999999999976
27,99.94799999999975
28,99.94599999999974
29,99.94399999999973
30,99.94199999999972
31,99.93999999999971
32,99.9379999999997
33,99.9359999999997
34,99.93399999999968
35,99.93199999999968
36,99.92999999999967
37,99.92799999999966
38,99.92599999999965
39,99.92399999999964
40,99.92199999999963
41,99.91999999999962
42,99.91899999999961
43,99.91799999999961
44,99.9169999999996
45,99.9159999999996
46,99.9149999999996
47,99.91399999999959
48,99.91299999999958
49,99.91099999999958
50,99.90999999999957
51,99.90899999999957
52,99.90799999999956
53,99.90699999999956
54,99.90599999999955
55,99.90499999999955
56,99.90399999999954
57,99.90299999999954
58,99.90099999999953
59,99.89999999999952
60,99.89899999999952
61,99.89799999999951
62,99.89699999999951
63,99.8959999999995
64,99.8949999999995
65,99.89299999999949
66,99.89199999999948
67,99.89099999999948
68,99.88999999999947
69,99.88899999999947
70,99.88799999999947
71,99.88699999999946
72,99.88499999999945
73,99.88399999999945
74,99.88299999999944
75,99.88199999999944
76,99.88099999999943
77,99.87999999999943
78,99.87799999999942
79,99.87699999999941
80,99.87599999999941
81,99.8749999999994
82,99.8739999999994
83,99.8729999999994
84,99.87199999999939
85,99.87099999999938
86,99.86999999999938
87,99.86899999999937
88,99.86799999999937
89,99.86699999999936
90,99.86599999999936
91,99.86499999999936
92,99.86399999999935
93,99.86299999999935
94,99.86199999999934
95,99.86099999999934
96,99.85999999999933
97,99.85899999999933
98,99.85799999999932
99,99.85699999999932
100,99.85599999999931
101,99.85499999999931
102,99.8539999999993
103,99.8529999999993
104,99.8519999999993
105,99.85099999999929
106,99.84999999999928
107,99.84899999999928
108,99.84799999999927
109,99.84699999999927
110,99.84599999999926
111,99.84499999999926
112,99.84399999999926
113,99.84299999999925
114,99.84199999999925
115,99.84099999999924
116,99.83999999999924
117,99.83899999999923
118,99.83799999999923
119,99.83699999999922
120,99.83599999999922
121,99.83499999999921
122,99.83399999999921
123,99.8329999999992
124,99.8319999999992
125,99.8309999999992
126,99.82999999999919
127,99.82899999999918
128,99.82799999999918
129,99.82699999999917
130,99.82599999999917
131,99.82499999999916
132,99.82399999999916
133,99.82299999999915
134,99.82199999999915
135,99.82099999999915
136,99.81999999999914
137,99.81899999999914
138,99.81799999999913
139,99.81699999999913
140,99.81599999999912
141,99.81499999999912
142,99.81399999999911
143,99.8129999999991
144,99.8119999999991
145,99.8109999999991
146,99.80999999999909
147,99.80899999999909
148,99.80799999999908
149,99.80699999999908
150,99.80599999999907
151,99.80499999999907
152,99.80399999999906
153,99.80299999999906
154,99.80199999999905
155,99.80099999999905
156,99.79999999999905
157,99.79899999999904
158,99.79799999999904
159,99.79699999999903
160,99.79599999999903
161,99.79499999999902
162,99.79399999999902
163,99.79299999999901
164,99.791999999999
165,99.790999999999
166,99.789999999999
167,99.78899999999899
168,99.78799999999899
169,99.78699999999898
170,99.78599999999898
171,99.78499999999897
172,99.78399999999897
173,99.78299999999896
174,99.78199999999896
175,99.78099999999895
176,99.77999999999895
177,99.77899999999894
178,99.77799999999894
179,99.77699999999894
180,99.77599999999893
181,99.77499999999893
182,99.77399999999892
183,99.77299999999892
184,99.77199999999891
185,99.7709999999989
186,99.7699999999989
187,99.7689999999989
188,99.76799999999889
189,99.76699999999889
190,99.76599999999888
191,99.76499999999888
192,99.76399999999887
193,99.76299999999887
194,99.76199999999886
195,99.76099999999886
196,99.75999999999885
197,99.75899999999885
198,99.75799999999884
199,99.75699999999884
200,99.75599999999883
201,99.75499999999883
202,99.75399999999883
203,99.75299999999882
204,99.75199999999882
205,99.75099999999881
206,99.7499999999988
207,99.7489999999988
208,99.7479999999988
209,99.74699999999879
210,99.74599999999879
211,99.74499999999878
212,99.74399999999878
213,99.74299999999877
214,99.74199999999877
215,99.74099999999876
216,99.73999999999876
217,99.73899999999875
218,99.73799999999875
219,99.73699999999874
220,99.73599999999874
221,99.73499999999873
222,99.73399999999873
223,99.73299999999873
224,99.73199999999872
225,99.73099999999872
226,99.72999999999871
227,99.7289999999987
228,99.7279999999987
229,99.7269999999987
230,99.72599999999869
231,99.72499999999869
232,99.72399999999868
233,99.72299999999868
234,99.72199999999867
235,99.72099999999867
236,99.71999999999866
237,99.71899999999866
238,99.71799999999865
239,99.71699999999865
240,99.71599999999864
241,99.71499999999864
242,99.71399999999863
243,99.71299999999863
244,99.71199999999862
245,99.71099999999862
246,99.70999999999862
247,99.70899999999861
248,99.7079999999986
249,99.7069999999986
250,99.7059999999986
251,99.70499999999859
252,99.70399999999859
253,99.70299999999858
254,99.70199999999858
255,99.70099999999857
256,99.69999999999857
257,99.69899999999856
258,99.69799999999856
259,99.69699999999855
260,99.69599999999855
261,99.69499999999854
262,99.69399999999854
263,99.69299999999853
264,99.69199999999853
265,99.69099999999852
266,99.68999999999852
267,99.68899999999852
268,99.68799999999851
269,99.6869999999985
270,99.6859999999985
271,99.6849999999985
272,99.68399999999849
273,99.68299999999849
274,99.68199999999848
275,99.68099999999848
276,99.67999999999847
277,99.67899999999847
278,99.67799999999846
279,99.67699999999846
280,99.67599999999845
281,99.67499999999845
282,99.67399999999844
283,99.67299999999844
284,99.67199999999843
285,99.67099999999843
286,99.66999999999842
287,99.66899999999842
288,99.66799999999841
289,99.66699999999841
290,99.6659999999984
291,99.6649999999984
292,99.6639999999984
293,99.66299999999839
294,99.66199999999839
295,99.66099999999838
296,99.65999999999838
297,99.65899999999837
298,99.65799999999837
299,99.65699999999836
300,99.65599999999836
301,99.65499999999835
302,99.65399999999835
303,99.65299999999834
304,99.65199999999834
305,99.65099999999833
306,99.64999999999833
307,99.64899999999832
308,99.64799999999832
309,99.64699999999831
310,99.64599999999831
311,99.6449999999983
312,99.6439999999983
313,99.6429999999983
314,99.64199999999829
315,99.64099999999829
316,99.63999999999828
317,99.63899999999828
318,99.63799999999827
319,99.63699999999827
320,99.63599999999826
321,99.63499999999826
322,99.63299999999825
323,99.63099999999824
324,99.62899999999823
325,99.62699999999822
326,99.62499999999821
327,99.6229999999982
328,99.62099999999819
329,99.61899999999818
330,99.61699999999817
331,99.61499999999816
332,99.61299999999815
333,99.61099999999814
334,99.60899999999813
335,99.60699999999812
336,99.60499999999811
337,99.6029999999981
338,99.6009999999981
339,99.59899999999809
340,99.59699999999808
341,99.59499999999807
342,99.59299999999806
343,99.59099999999805
344,99.58899999999804
345,99.58699999999803
346,99.58499999999802
347,99.58299999999801
348,99.580999999998
349,99.57899999999799
350,99.57699999999798
351,99.57499999999797
352,99.57299999999796
353,99.57099999999795
354,99.56899999999794
355,99.56699999999793
356,99.56499999999792
357,99.56299999999791
358,99.5609999999979
359,99.5589999999979
360,99.55699999999788
361,99.55499999999788
362,99.55299999999787
363,99.55099999999786
364,99.54899999999785
365,99.54699999999784
366,99.54499999999783
367,99.54299999999782
368,99.54099999999781
369,99.5389999999978
370,99.53699999999779
371,99.53499999999778
372,99.53299999999777
373,99.53099999999776
374,99.52899999999775
375,99.52699999999774
376,99.52499999999773
377,99.52299999999772
378,99.52099999999771
379,99.5189999999977
380,99.5169999999977
381,99.51499999999768
382,99.51299999999767
383,99.51099999999767
384,99.50899999999766
385,99.50699999999765
386,99.50499999999764
387,99.50299999999763
388,99.50099999999762
389,99.49899999999761
390,99.4969999999976
391,99.49499999999759
392,99.49299999999758
393,99.49099999999757
394,99.48899999999756
395,99.48699999999755
396,99.48499999999754
397,99.48299999999753
398,99.48099999999752
399,99.47899999999751
400,99.4769999999975
401,99.4749999999975
402,99.47299999999748
403,99.47099999999747
404,99.46899999999746
405,99.46699999999746
406,99.46499999999745
407,99.46299999999744
408,99.46099999999743
409,99.45899999999742
410,99.45699999999741
411,99.4549999999974
412,99.45299999999739
413,99.45099999999738
414,99.44899999999737
415,99.44699999999736
416,99.44499999999735
417,99.44299999999734
418,99.44099999999733
419,99.43899999999732
420,99.43699999999731
421,99.4349999999973
422,99.43299999999729
423,99.43099999999728
424,99.42899999999727
425,99.42699999999726
426,99.42499999999725
427,99.42299999999724
428,99.42099999999724
429,99.41899999999723
430,99.41699999999722
431,99.4149999999972
432,99.4129999999972
433,99.41099999999719
434,99.40899999999718
435,99.40699999999717
436,99.40499999999716
437,99.40299999999715
438,99.40099999999714
439,99.39899999999713
440,99.39699999999712
441,99.39499999999711
442,99.3929999999971
443,99.39099999999709
444,99.38899999999708
445,99.38699999999707
446,99.38499999999706
447,99.38299999999705
448,99.38099999999704
449,99.37899999999703
450,99.37699999999703
451,99.37499999999702
452,99.372999999997
453,99.370999999997
454,99.36899999999699
455,99.36699999999698
456,99.36499999999697
457,99.36299999999696
458,99.36099999999695
459,99.35899999999694
460,99.35699999999693
461,99.35499999999692
462,99.35299999999691
463,99.3509999999969
464,99.34899999999689
465,99.34699999999688
466,99.34499999999687
467,99.34299999999686
468,99.34099999999685
469,99.33899999999684
470,99.33699999999683
471,99.33499999999682
472,99.33299999999682
473,99.3309999999968
474,99.3289999999968
475,99.32599999999678
476,99.32399999999677
477,99.32199999999676
478,99.31999999999675
479,99.31799999999674
480,99.31599999999673
481,99.31399999999672
482,99.31199999999671
483,99.3099999999967
484,99.3079999999967
485,99.30599999999669
486,99.30399999999668
487,99.30199999999667
488,99.29999999999666
489,99.29799999999665
490,99.29599999999664
491,99.29399999999663
492,99.29199999999662
493,99.28999999999661
494,99.2879999999966
495,99.28599999999659
496,99.28399999999658
497,99.28199999999657
498,99.27999999999656
499,99.27799999999655
500,99.27599999999654
501,99.27399999999653
502,99.27199999999652
503,99.26999999999651
504,99.2679999999965
505,99.2659999999965
506,99.26399999999649
507,99.26199999999648
508,99.25999999999647
509,99.25799999999646
510,99.25599999999645
511,99.25399999999644
512,99.25199999999643
513,99.24999999999642
514,99.24799999999641
515,99.2459999999964
516,99.24399999999639
517,99.24199999999638
518,99.23999999999637
519,99.23799999999636
520,99.23599999999635
521,99.23399999999634
522,99.23299999999634
523,99.23199999999633
524,99.23099999999633
525,99.22999999999632
526,99.22899999999632
527,99.22799999999631
528,99.22699999999631
529,99.2259999999963
530,99.2249999999963
531,99.2239999999963
532,99.22299999999629
533,99.22199999999629
534,99.22099999999628
535,99.21999999999628
536,99.21899999999627
537,99.21799999999627
538,99.21699999999626
539,99.21599999999626
540,99.21499999999625
541,99.21399999999625
542,99.21299999999624
543,99.21199999999624
544,99.21099999999623
545,99.20999999999623
546,99.20899999999622
547,99.20799999999622
548,99.20699999999621
549,99.20599999999621
550,99.2049999999962
551,99.2039999999962
552,99.2029999999962
553,99.20199999999619
554,99.20099999999618
555,99.19999999999618
556,99.19899999999618
557,99.19799999999617
558,99.19699999999617
559,99.19599999999616
560,99.19499999999616
561,99.19399999999615
562,99.19299999999615
563,99.19199999999614
564,99.19099999999614
565,99.18999999999613
566,99.18899999999613
567,99.18799999999612
568,99.18699999999612
569,99.18599999999611
570,99.18499999999611
571,99.1839999999961
572,99.1829999999961
573,99.1819999999961
574,99.18099999999609
575,99.17899999999608
576,99.17699999999607
577,99.17499999999606
578,99.17299999999605
579,99.17099999999604
580,99.16899999999603
581,99.16699999999602
582,99.16499999999601
583,99.162999999996
584,99.160999999996
585,99.15899999999598
586,99.15699999999597
587,99.15499999999597
588,99.15299999999596
589,99.15099999999595
590,99.14899999999594
591,99.14699999999593
592,99.14499999999592
593,99.14299999999591
594,99.1409999999959
595,99.13899999999589
596,99.13699999999588
597,99.13499999999587
598,99.13299999999586
599,99.13099999999585
600,99.12899999999584
601,99.12699999999583
602,99.12499999999582
603,99.12299999999581
604,99.1209999999958
605,99.1189999999958
606,99.11699999999578
607,99.11499999999577
608,99.11299999999576
609,99.11099999999576
610,99.10899999999575
611,99.10699999999574
612,99.10499999999573
613,99.10299999999572
614,99.10099999999571
615,99.0989999999957
616,99.09699999999569
617,99.09499999999568
618,99.09299999999567
619,99.09099999999566
620,99.08899999999565
621,99.08699999999564
622,99.08499999999563
623,99.08299999999562
624,99.08099999999561
625,99.0789999999956
626,99.07699999999559
627,99.07499999999558
628,99.07299999999557
629,99.07099999999556
630,99.06899999999555
631,99.06699999999555
632,99.06499999999554
633,99.06299999999553
634,99.06099999999552
635,99.0589999999955
636,99.0569999999955
637,99.05499999999549
638,99.05299999999548
639,99.05099999999547
640,99.04899999999546
641,99.04699999999545
642,99.04499999999544
643,99.04299999999543
644,99.04099999999542
645,99.03899999999541
646,99.0369999999954
647,99.03499999999539
648,99.03299999999538
649,99.03099999999537
650,99.02899999999536
651,99.02699999999535
652,99.02499999999534
653,99.02299999999533
654,99.02099999999533
655,99.01899999999532
656,99.01799999999531
657,99.0169999999953
658,99.0159999999953
659,99.0149999999953
660,99.01399999999529
661,99.01199999999528
662,99.01099999999528
663,99.00999999999527
664,99.00899999999527
665,99.00799999999526
666,99.00699999999526
667,99.00599999999525
668,99.00499999999525
669,99.00299999999524
670,99.00199999999523
671,99.00099999999523
672,98.99999999999523
673,98.99899999999522
674,98.99799999999522
675,98.99699999999521
676,98.9949999999952
677,98.9939999999952
678,98.99299999999519
679,98.99199999999519
680,98.99099999999518
681,98.98999999999518
682,98.98799999999517
683,98.98699999999516
684,98.98599999999516
685,98.98499999999515
686,98.98399999999515
687,98.98199999999514
688,98.98099999999513
689,98.97999999999513
690,98.97899999999512
691,98.97699999999512
692,98.97599999999511
693,98.9749999999951
694,98.9729999999951
695,98.97199999999509
696,98.97099999999509
697,98.96999999999508
698,98.96799999999507
699,98.96699999999507
700,98.96499999999506
701,98.96399999999505
702,98.96299999999505
703,98.96099999999504
704,98.95999999999503
705,98.95899999999503
706,98.95799999999502
707,98.95699999999502
708,98.95599999999502
709,98.95499999999501
710,98.953999999995
711,98.952999999995
712,98.951999999995
713,98.95099999999499
714,98.94999999999499
715,98.94899999999498
716,98.94799999999498
717,98.94699999999497
718,98.94599999999497
719,98.94499999999496
720,98.94399999999496
721,98.94299999999495
722,98.94199999999495
723,98.94099999999494
724,98.93999999999494
725,98.93899999999493
726,98.93799999999493
727,98.93699999999492
728,98.93599999999492
729,98.93499999999491
730,98.93399999999491
731,98.9329999999949
732,98.9319999999949
733,98.9309999999949
734,98.92999999999489
735,98.92899999999489
736,98.92799999999488
737,98.92699999999488
738,98.92599999999487
739,98.92499999999487
740,98.92399999999486
741,98.92299999999486
742,98.92199999999485
743,98.92099999999485
744,98.91999999999484
745,98.91899999999484
746,98.91799999999483
747,98.91699999999483
748,98.91599999999482
749,98.91499999999482
750,98.91399999999481
751,98.91299999999481
752,98.9119999999948
753,98.9109999999948
754,98.9099999999948
755,98.90899999999479
756,98.90799999999479
757,98.90699999999478
758,98.90599999999478
759,98.90499999999477
760,98.90399999999477
761,98.90299999999476
762,98.90199999999476
763,98.90099999999475
764,98.89999999999475
765,98.89899999999474
766,98.89799999999474
767,98.89699999999473
768,98.89599999999473
769,98.89499999999472
770,98.89399999999472
771,98.89299999999471
772,98.89199999999471
773,98.8909999999947
774,98.8899999999947
775,98.8889999999947
776,98.88799999999469
777,98.88699999999469
778,98.88599999999468
779,98.88499999999468
780,98.88399999999467
781,98.88299999999467
782,98.88199999999466
783,98.88099999999466
784,98.87999999999465
785,98.87899999999465
786,98.87799999999464
787,98.87699999999464
788,98.87599999999463
789,98.87499999999463
790,98.87399999999462
791,98.87299999999462
792,98.87199999999461
793,98.87099999999461
794,98.8699999999946
795,98.8689999999946
796,94.8679999999946
797,94.86599999999459
798,94.86399999999458
799,94.86199999999457
800,94.85999999999456
801,94.85799999999455
802,94.85599999999454
803,94.85399999999453
804,94.85199999999452
805,94.84999999999451
806,94.8479999999945
807,94.84599999999449
808,94.84399999999448
809,94.84199999999447
810,94.83999999999446
811,94.83799999999445
812,94.83599999999444
813,94.83399999999443
814,94.83199999999442
815,94.82999999999441
816,94.8279999999944
817,94.8259999999944
818,94.82399999999438
819,94.82199999999438
820,94.81999999999437
821,94.81799999999436
822,94.81599999999435
823,94.81399999999434
824,94.81199999999433
825,94.80999999999432
826,94.80799999999431
827,94.8059999999943
828,94.80399999999429
829,94.80199999999428
830,94.79999999999427
831,94.79799999999426
832,94.79599999999425
833,94.79399999999424
834,94.79199999999423
835,94.78999999999422
836,94.78799999999421
837,94.7859999999942
838,94.7839999999942
839,94.78199999999418
840,94.77999999999417
841,94.77799999999417
842,94.77599999999416
843,94.77399999999415
844,94.77199999999414
845,94.76999999999413
846,94.76799999999412
847,94.76599999999411
848,94.7639999999941
849,94.76199999999409
850,94.75999999999408
851,94.75799999999407
852,94.75599999999406
853,94.75399999999405
854,94.75199999999404
855,94.74999999999403
856,94.74799999999402
857,94.74599999999401
858,94.743999999994
859,94.741999999994
860,94.73999999999398
861,94.73799999999397
862,94.73599999999396
863,94.73399999999396
864,94.73199999999395
865,94.72999999999394
866,94.72799999999393
867,94.72599999999392
868,94.72399999999391
869,94.7219999999939
870,94.71999999999389
871,94.71799999999388
872,94.71599999999387
873,94.71399999999386
874,94.71199999999385
875,94.70999999999384
876,94.70799999999383
877,94.70599999999382
878,94.70399999999381
879,94.7019999999938
880,94.69999999999379
881,94.69799999999378
882,94.69599999999377
883,94.69399999999376
884,94.69199999999375
885,94.68999999999374
886,94.68799999999374
887,94.68599999999373
888,94.68399999999372
889,94.6819999999937
890,94.6799999999937
891,94.67799999999369
892,94.67599999999368
893,94.67399999999367
894,94.67199999999366
895,94.66999999999365
896,94.66799999999364
897,94.66599999999363
898,94.66399999999362
899,94.66199999999361
900,94.6599999999936
901,94.65799999999359
902,94.65599999999358
903,94.65399999999357
904,94.65199999999356
905,94.64999999999355
906,94.64799999999354
907,94.64599999999353
908,94.64399999999353
909,94.64199999999352
910,94.6399999999935
911,94.6389999999935
912,94.63699999999349
913,94.63599999999349
914,94.63499999999348
915,94.63399999999348
916,94.63299999999347
917,94.63199999999347
918,94.63099999999346
919,94.62999999999346
920,94.62899999999345
921,94.62799999999345
922,94.62699999999344
923,94.62499999999343
924,94.62399999999343
925,94.62299999999343
926,94.62199999999342
927,94.62099999999342
928,94.61999999999341
929,94.6189999999934
930,94.6179999999934
931,94.6169999999934
932,94.61499999999339
933,94.61399999999338
934,94.61299999999338
935,94.61199999999337
936,94.61099999999337
937,94.60999999999336
938,94.60899999999336
939,94.60799999999335
940,94.60699999999335
941,94.60599999999334
942,94.60499999999334
943,94.60399999999333
944,94.60299999999333
945,94.60199999999332
946,94.60099999999332
947,94.59999999999332
948,94.59899999999331
949,94.5979999999933
950,94.5969999999933
951,94.5959999999933
952,94.59499999999329
953,94.59399999999329
954,94.59299999999328
955,94.59199999999328
956,94.59099999999327
957,94.58999999999327
958,94.58899999999326
959,94.58799999999326
960,94.58699999999325
961,94.58599999999325
962,94.58499999999324
963,94.58399999999324
964,94.58299999999323
965,94.58199999999323
966,94.58099999999322
967,94.57999999999322
968,94.57899999999321
969,94.57799999999321
970,94.5769999999932
971,94.5759999999932
972,94.5749999999932
973,94.57399999999319
974,94.57299999999319
975,94.57199999999318
976,94.57099999999318
977,94.56999999999317
978,94.56899999999317
979,94.56799999999316
980,94.56699999999316
981,94.56599999999315
982,94.56499999999315
983,94.56399999999314
984,94.56299999999314
985,94.56199999999313
986,94.56099999999313
987,94.55999999999312
988,94.55899999999312
989,94.55799999999311
990,94.55699999999311
991,94.5559999999931
992,94.5549999999931
993,94.5539999999931
994,94.55299999999309
995,94.55199999999309
996,94.55099999999308
997,94.54999999999308
998,94.54899999999307
999,94.54799999999307
1000,94.54699999999306
1001,94.54599999999306
1002,94.54499999999305
1003,94.54399999999305
1004,94.54299999999304
1005,94.54199999999304
1006,94.54099999999303
1007,94.53999999999303
1008,94.53899999999302
1009,94.53799999999302
1010,94.53699999999301
1011,94.53599999999301
1012,94.534999999993
1013,94.533999999993
1014,94.532999999993
1015,94.53199999999299
1016,94.53099999999299
1017,94.52999999999298
1018,94.52899999999298
1019,94.52799999999297
1020,94.52699999999297
1021,94.52599999999296
1022,94.52499999999296
1023,94.52399999999295
1024,94.52299999999295
1025,94.52199999999294
1026,94.52099999999294
1027,94.51999999999293
1028,94.51899999999293
1029,94.51799999999292
1030,94.51699999999292
1031,94.51599999999291
1032,94.51499999999291
1033,94.5139999999929
1034,94.5129999999929
1035,94.5119999999929
1036,94.51099999999289
1037,94.50999999999289
1038,94.50899999999288
1039,94.50799999999288
1040,94.50699999999287
1041,94.50599999999287
1042,94.50499999999286
1043,94.50399999999286
1044,94.50299999999285
1045,94.50199999999285
1046,94.50099999999284
1047,94.49999999999284
1048,94.49899999999283
1049,94.49799999999283
1050,94.49699999999282
1051,94.49599999999282
1052,94.49499999999281
1053,94.49399999999281
1054,94.4929999999928
1055,94.4919999999928
1056,94.4909999999928
1057,94.48999999999279
1058,94.48899999999279
1059,94.48799999999278
1060,94.48699999999278
1061,94.48599999999277
1062,94.48499999999277
1063,94.48399999999276
1064,94.48299999999276
1065,94.48199999999275
1066,94.48099999999275
1067,94.47999999999274
1068,94.47899999999274
1069,94.47799999999273
1070,94.47699999999273
1071,94.47599999999272
1072,94.47499999999272
1073,94.47399999999271
1074,94.47299999999271
1075,94.4719999999927
1076,94.4709999999927
1077,94.4699999999927
1078,94.46899999999269
1079,94.46799999999268
1080,94.46699999999268
1081,94.46599999999268
1082,94.46499999999267
1083,94.46399999999267
1084,94.46299999999266
1085,94.46199999999266
1086,94.46099999999265
1087,94.45999999999265
1088,94.45899999999264
1089,94.45799999999264
1090,94.45699999999263
1091,94.45599999999263
1092,94.45499999999262
1093,94.45399999999262
1094,94.45299999999261
1095,94.45199999999261
1096,94.4509999999926
1097,94.4499999999926
1098,94.4489999999926
1099,94.44799999999259
1100,94.44699999999258
1101,94.44599999999258
1102,94.44499999999258
1103,94.44399999999257
1104,94.44299999999257
1105,94.44199999999256
1106,94.44099999999256
1107,94.43999999999255
1108,94.43899999999255
1109,94.43799999999254
1110,94.43699999999254
1111,94.43599999999253
1112,94.43499999999253
1113,94.43399999999252
1114,94.43299999999252
1115,94.43199999999251
1116,94.43099999999251
1117,94.4299999999925
1118,94.4289999999925
1119,94.4279999999925
1120,94.42699999999249
1121,94.42599999999248
1122,94.42499999999248
1123,94.42399999999247
1124,94.42299999999247
1125,94.42199999999247
1126,94.42099999999246
1127,94.41999999999246
1128,94.41899999999245
1129,94.41799999999245
1130,94.41699999999244
1131,94.41599999999244
1132,94.41499999999243
1133,94.41399999999243
1134,94.41299999999242
1135,94.41199999999242
1136,94.41099999999241
1137,94.40999999999241
1138,94.4089999999924
1139,94.4079999999924
1140,94.4069999999924
1141,94.40599999999239
1142,94.40499999999238
1143,94.40399999999238
1144,94.40299999999237
1145,94.40199999999237
1146,94.40099999999237
1147,94.39999999999236
1148,94.39899999999236
1149,94.39799999999235
1150,94.39699999999235
1151,94.39599999999234
1152,94.39499999999234
1153,94.39399999999233
1154,94.39299999999233
1155,94.39199999999232
1156,94.38999999999231
1157,94.3879999999923
1158,94.3859999999923
1159,94.38399999999228
1160,94.38199999999227
1161,94.37999999999226
1162,94.37799999999226
1163,94.37599999999225
1164,94.37399999999224
1165,94.37199999999223
1166,94.36999999999222
1167,94.36799999999221
1168,94.3659999999922
1169,94.36399999999219
1170,94.36199999999218
1171,94.35999999999217
1172,94.35799999999216
1173,94.35599999999215
1174,94.35399999999214
1175,94.35199999999213
1176,94.34999999999212
1177,94.34799999999211
1178,94.3459999999921
1179,94.34399999999209
1180,94.34199999999208
1181,94.33999999999207
1182,94.33799999999206
1183,94.33599999999205
1184,94.33399999999205
1185,94.33199999999204
1186,94.32999999999203
1187,94.32799999999202
1188,94.325999999992
1189,94.323999999992
1190,94.32199999999199
1191,94.31999999999198
1192,94.31799999999197
1193,94.31599999999196
1194,94.31399999999195
1195,94.31199999999194
1196,94.30999999999193
1197,94.30799999999192
1198,94.30599999999191
1199,94.3039999999919
1200,94.30199999999189
1201,94.29999999999188
1202,94.29799999999187
1203,94.29599999999186
1204,94.29399999999185
1205,94.29199999999184
1206,94.28999999999184
1207,94.28799999999183
1208,94.28599999999182
1209,94.2839999999918
1210,94.2819999999918
1211,94.27999999999179
1212,94.27799999999178
1213,94.27599999999177
1214,94.27399999999176
1215,94.27199999999175
1216,94.26999999999174
1217,94.26799999999173
1218,94.26599999999172
1219,94.26399999999171
1220,94.2619999999917
1221,94.25999999999169
1222,94.25799999999168
1223,94.25599999999167
1224,94.25399999999166
1225,94.25199999999165
1226,94.24999999999164
1227,94.24799999999163
1228,94.24599999999162
1229,94.24399999999162
1230,94.2419999999916
1231,94.2399999999916
1232,94.23799999999159
1233,94.23599999999158
1234,94.23399999999157
1235,94.23199999999156
1236,94.22999999999155
1237,94.22799999999154
1238,94.22599999999153
1239,94.22399999999152
1240,94.22199999999151
1241,94.2199999999915
1242,94.21799999999149
1243,94.21599999999148
1244,94.21399999999147
1245,94.21199999999146
1246,94.20999999999145
1247,94.20799999999144
1248,94.20599999999143
1249,94.20399999999142
1250,94.20199999999141
1251,94.1999999999914
1252,94.1979999999914
1253,94.19599999999139
1254,94.19399999999138
1255,94.19199999999137
1256,94.18999999999136
1257,94.18799999999135
1258,94.18599999999134
1259,94.18399999999133
1260,94.18199999999132
1261,94.17999999999131
1262,94.1779999999913
1263,94.17599999999129
1264,94.17399999999128
1265,94.17199999999127
1266,94.16999999999126
1267,94.16799999999125
1268,94.16599999999124
1269,94.16399999999123
1270,94.16199999999122
1271,94.15999999999121
1272,94.1579999999912
1273,94.1559999999912
1274,94.15399999999119
1275,94.15199999999118
1276,94.14999999999117
1277,94.14799999999116
1278,94.14599999999115
1279,94.14399999999114
1280,94.14199999999113
1281,94.13999999999112
1282,94.13799999999111
1283,94.1359999999911
1284,94.13399999999109
1285,94.13199999999108
1286,94.12999999999107
1287,94.12799999999106
1288,94.12599999999105
1289,94.12399999999104
1290,94.12199999999103
1291,94.11999999999102
1292,94.11799999999101
1293,94.115999999991
1294,94.113999999991
1295,94.11199999999099
1296,94.10999999999098
1297,94.10899999999097
1298,94.10799999999097
1299,94.10699999999096
1300,94.10599999999096
1301,94.10499999999095
1302,94.10399999999095
1303,94.10299999999094
1304,94.10199999999094
1305,94.10099999999093
1306,94.09899999999092
1307,94.09799999999092
1308,94.09699999999091
1309,94.09599999999091
1310,94.0949999999909
1311,94.0939999999909
1312,94.0929999999909
1313,94.09199999999089
1314,94.09099999999088
1315,94.08999999999088
1316,94.08899999999088
1317,94.08799999999087
1318,94.08699999999087
1319,94.08499999999086
1320,94.08399999999085
1321,94.08299999999085
1322,94.08199999999084
1323,94.08099999999084
1324,94.07999999999083
1325,94.07899999999083
1326,94.07799999999082
1327,94.07699999999082
1328,94.07599999999081
1329,94.07499999999081
1330,94.0729999999908
1331,94.0719999999908
1332,94.07099999999079
1333,94.06999999999078
1334,94.06899999999078
1335,94.06799999999077
1336,94.06699999999077
1337,94.06599999999077
1338,94.06499999999076
1339,94.06399999999076
1340,94.06199999999075
1341,94.06099999999074
1342,94.05999999999074
1343,94.05899999999073
1344,94.05799999999073
1345,94.05699999999072
1346,94.05599999999072
1347,94.05499999999071
1348,94.0529999999907
1349,94.0519999999907
1350,94.0509999999907
1351,94.04999999999069
1352,94.04899999999068
1353,94.04799999999068
1354,94.04699999999067
1355,94.04599999999067
1356,94.04399999999066
1357,94.04299999999066
1358,94.04199999999065
1359,94.04099999999065
1360,94.03999999999064
1361,94.03899999999064
1362,94.03799999999063
1363,94.03699999999063
1364,94.03599999999062
1365,94.03499999999062
1366,94.03399999999061
1367,94.03299999999061
1368,94.0319999999906
1369,94.0309999999906
1370,94.0299999999906
1371,94.02899999999059
1372,94.02799999999058
1373,94.02699999999058
1374,94.02599999999057
1375,94.02499999999057
1376,94.02399999999056
1377,94.02299999999056
1378,94.02199999999056
1379,94.02099999999055
1380,94.01999999999055
1381,94.01899999999054
1382,94.01799999999054
1383,94.01699999999053
1384,94.01599999999053
1385,94.01499999999052
1386,94.01399999999052
1387,94.01299999999051
1388,94.01199999999051
1389,94.0109999999905
1390,94.0099999999905
1391,94.0089999999905
1392,94.00799999999049
1393,94.00699999999048
1394,94.00599999999048
1395,94.00499999999047
1396,94.00399999999047
1397,94.00299999999046
1398,94.00199999999046
1399,94.00099999999046
1400,93.99999999999045
1401,93.99899999999045
1402,93.99799999999044
1403,93.99699999999044
1404,93.99599999999043
1405,93.99499999999043
1406,93.99399999999042
1407,93.99299999999042
1408,93.99199999999041
1409,93.99099999999041
1410,93.9899999999904
1411,93.9889999999904
1412,93.9879999999904
1413,93.98699999999039
1414,93.98599999999038
1415,93.98499999999038
1416,93.98399999999037
1417,93.98299999999037
1418,93.98199999999036
1419,93.98099999999036
1420,93.97999999999035
1421,93.97899999999035
1422,93.97799999999035
1423,93.97699999999034
1424,93.97599999999034
1425,93.97499999999033
1426,93.97399999999033
1427,93.97299999999032
1428,93.97199999999032
1429,93.97099999999031
1430,93.9699999999903
1431,93.9689999999903
1432,93.9679999999903
1433,93.96699999999029
1434,93.96599999999029
1435,93.96499999999028
1436,93.96399999999028
1437,93.96299999999027
1438,93.96199999999027
1439,93.96099999999026
1440,93.95999999999026
1441,93.95899999999025
1442,93.95799999999025
1443,93.95699999999024
1444,93.95599999999024
1445,93.95499999999024
1446,93.95399999999023
1447,93.95299999999023
1448,93.95199999999022
1449,93.95099999999022
1450,93.94999999999021
1451,93.9489999999902
1452,93.9479999999902
1453,93.9469999999902
1454,93.94599999999019
1455,93.94499999999019
1456,93.94399999999018
1457,93.94299999999018
1458,93.94199999999017
1459,93.94099999999017
1460,93.93999999999016
1461,93.93899999999016
1462,93.93799999999015
1463,93.93699999999015
1464,93.93599999999014
1465,93.93499999999014
1466,93.93399999999014
1467,93.93299999999013
1468,93.93199999999013
1469,93.93099999999012
1470,93.92999999999012
1471,93.92899999999011
1472,93.9279999999901
1473,93.9269999999901
1474,93.9259999999901
1475,93.92499999999009
1476,93.92399999999009
1477,93.92299999999008
1478,93.92199999999008
1479,93.92099999999007
1480,93.91999999999007
1481,93.91899999999006
1482,93.91799999999006
1483,93.91699999999005
1484,93.91599999999005
1485,93.91499999999004
1486,93.91399999999004
1487,93.91299999999003
1488,93.91199999999003
1489,93.91099999999003
1490,93.90999999999002
1491,93.90899999999002
1492,93.90799999999001
1493,93.90699999999
1494,93.90599999999
1495,93.90499999999
1496,93.90399999998999
1497,93.90299999998999
1498,93.90199999998998
1499,93.90099999998998
1500,93.89999999998997
1501,93.89899999998997
1502,93.89799999998996
1503,93.89699999998996
1504,93.89599999998995
1505,93.89499999998995
1506,93.89399999998994
1507,93.89299999998994
1508,93.89199999998993
1509,93.89099999998993
1510,93.88999999998993
1511,93.88899999998992
1512,93.88799999998992
1513,93.88699999998991
1514,93.8859999999899
1515,93.8849999999899
1516,93.8839999999899
1517,93.88299999998989
1518,93.88199999998989
1519,93.88099999998988
1520,93.87999999998988
1521,93.87899999998987
1522,93.87799999998987
1523,93.87699999998986
1524,93.87599999998986
1525,93.87499999998985
1526,93.87399999998985
1527,93.87299999998984
1528,93.87199999998984
1529,93.87099999998983
1530,93.86999999998983
1531,93.86899999998982
1532,93.86799999998982
1533,93.86699999998982
1534,93.86599999998981
1535,93.8649999999898
1536,93.8639999999898
1537,93.8629999999898
1538,93.86199999998979
1539,93.86099999998979
1540,93.85999999998978
1541,93.85899999998978
1542,93.85799999998977
1543,93.85699999998977
1544,93.85599999998976
1545,93.85499999998976
1546,93.85399999998975
1547,93.85299999998975
1548,93.85199999998974
1549,93.85099999998974
1550,93.84999999998973
1551,93.84899999998973
1552,93.84799999998972
1553,93.84699999998972
1554,93.84599999998971
1555,93.84499999998971
1556,93.8439999999897
1557,93.8429999999897
1558,93.8419999999897
1559,93.84099999998969
1560,93.83999999998969
1561,93.83899999998968
1562,93.83799999998968
1563,93.83699999998967
1564,93.83599999998967
1565,93.83499999998966
1566,93.83399999998966
1567,93.83299999998965
1568,93.83199999998965
1569,93.83099999998964
1570,93.82999999998964
1571,93.82899999998963
1572,93.82799999998963
1573,93.82699999998962
1574,93.82599999998962
1575,93.82499999998961
1576,93.82399999998961
1577,93.8229999999896
1578,93.8219999999896
1579,93.8209999999896
1580,93.81999999998959
1581,93.81899999998959
1582,93.81799999998958
1583,93.81699999998958
1584,93.81599999998957
1585,93.81499999998957
1586,93.81399999998956
1587,93.81299999998956
1588,93.81199999998955
1589,93.81099999998955
1590,93.80999999998954
1591,93.80899999998954
1592,93.80799999998953
1593,93.80699999998953
1594,93.80599999998952
1595,93.80499999998952
1596,93.80399999998951
1597,93.80299999998951
1598,93.8019999999895
1599,93.8009999999895
1600,93.7999999999895
1601,93.79899999998949
1602,93.79799999998949
1603,93.79699999998948
1604,93.79599999998948
1605,93.79499999998947
1606,93.79399999998947
1607,93.79299999998946
1608,93.79199999998946
1609,93.79099999998945
1610,93.78999999998945
1611,93.78899999998944
1612,93.78799999998944
1613,93.78699999998943
1614,93.78599999998943
1615,93.78499999998942
1616,93.78399999998942
1617,93.78299999998941
1618,93.78199999998941
1619,93.7809999999894
1620,93.7799999999894
1621,93.7789999999894
1622,93.77799999998939
1623,93.77699999998939
1624,93.77599999998938
1625,93.77499999998938
1626,93.77399999998937
1627,93.77299999998937
1628,93.77199999998936
1629,93.77099999998936
1630,93.76999999998935
1631,93.76899999998935
1632,93.76799999998934
1633,93.76699999998934
1634,93.76599999998933
1635,93.76499999998933
1636,93.76399999998932
1637,93.76299999998932
1638,93.76199999998931
1639,93.76099999998931
1640,93.7599999999893
1641,93.7589999999893
1642,93.7579999999893
1643,93.75699999998929
1644,93.75599999998929
1645,93.75499999998928
1646,93.75399999998928
1647,93.75299999998927
1648,93.75199999998927
1649,93.75099999998926
1650,93.74999999998926
1651,93.74899999998925
1652,93.74799999998925
1653,93.74699999998924
1654,93.74599999998924
1655,93.74499999998923
1656,93.74399999998923
1657,93.74299999998922
1658,93.74199999998922
1659,93.74099999998921
1660,93.73999999998921
1661,93.7389999999892
1662,93.7379999999892
1663,93.7369999999892
1664,93.73599999998919
1665,93.73499999998918
1666,93.73399999998918
1667,93.73299999998918
1668,93.73199999998917
1669,93.73099999998917
