1,100.0
2,99.99799999999999
3,99.99599999999998
4,99.99399999999997
5,99.99199999999996
6,99.98999999999995
7,99.98799999999994
8,99.98599999999993
9,99.98399999999992
10,99.98199999999991
11,99.9799999999999
12,99.9779999999999
13,99.97599999999989
14,99.97399999999988
15,99.97199999999987
16,99.96999999999986
17,99.96799999999985
18,99.96599999999984
19,99.96399999999983
20,99.96199999999982
21,99.95999999999981
22,99.9579999999998
23,99.95599999999979
24,99.95399999999978
25,99.95199999999977
26,99.94999999999976
27,99.94799999999975
28,99.94599999999974
29,99.94399999999973
30,99.94199999999972
31,99.93999999999971
32,99.9379999999997
33,99.9359999999997
34,99.93399999999968
35,99.93199999999968
36,99.92999999999967
37,99.92799999999966
38,99.92599999999965
39,99.92399999999964
40,99.92199999999963
41,99.91999999999962
42,99.91799999999961
43,99.9159999999996
44,99.91399999999959
45,99.91199999999958
46,99.90999999999957
47,99.90799999999956
48,99.90599999999955
49,99.90399999999954
50,99.90199999999953
51,99.89999999999952
52,99.89799999999951
53,99.8959999999995
54,99.8939999999995
55,99.89199999999948
56,99.88999999999947
57,99.88799999999947
58,99.88599999999946
59,99.88399999999945
60,99.88199999999944
61,99.87999999999943
62,99.87799999999942
63,99.87599999999941
64,99.8739999999994
65,99.87199999999939
66,99.86999999999938
67,99.86799999999937
68,99.86599999999936
69,99.86399999999935
70,99.86199999999934
71,99.85999999999933
72,99.85799999999932
73,99.85599999999931
74,99.8539999999993
75,99.8519999999993
76,99.84999999999928
77,99.84799999999927
78,99.84599999999926
79,99.84399999999926
80,99.84199999999925
81,99.83999999999924
82,99.83799999999923
83,99.83599999999922
84,99.83399999999921
85,99.8319999999992
86,99.82999999999919
87,99.82799999999918
88,99.82599999999917
89,99.82399999999916
90,99.82199999999915
91,99.81999999999914
92,99.81799999999913
93,99.81599999999912
94,99.81399999999911
95,99.8119999999991
96,99.80999999999909
97,99.80799999999908
98,99.80599999999907
99,99.80399999999906
100,99.80199999999905
101,99.79999999999905
102,99.79799999999904
103,99.79599999999903
104,99.79399999999902
105,99.791999999999
106,99.789999999999
107,99.78799999999899
108,99.78599999999898
109,99.78399999999897
110,99.78199999999896
111,99.77999999999895
112,99.77799999999894
113,99.77599999999893
114,99.77399999999892
115,99.77199999999891
116,99.7699999999989
117,99.76799999999889
118,99.76599999999888
119,99.76399999999887
120,99.76199999999886
121,99.75999999999885
122,99.75799999999884
123,99.75599999999883
124,99.75399999999883
125,99.75199999999882
126,99.7499999999988
127,99.7479999999988
128,99.74599999999879
129,99.74399999999878
130,99.74199999999877
131,99.73999999999876
132,99.73799999999875
133,99.73599999999874
134,99.73399999999873
135,99.73199999999872
136,99.72999999999871
137,99.7279999999987
138,99.72599999999869
139,99.72399999999868
140,99.72199999999867
141,99.71999999999866
142,99.71799999999865
143,99.71599999999864
144,99.71399999999863
145,99.71199999999862
146,99.70999999999862
147,99.7079999999986
148,99.7059999999986
149,99.70399999999859
150,99.70199999999858
151,99.69999999999857
152,99.69799999999856
153,99.69599999999855
154,99.69399999999854
155,99.69199999999853
156,99.68999999999852
157,99.68799999999851
158,99.6859999999985
159,99.68399999999849
160,99.68199999999848
161,99.67999999999847
162,99.67799999999846
163,99.67699999999846
164,99.67499999999845
165,99.67299999999844
166,99.67099999999843
167,99.66899999999842
168,99.66699999999841
169,99.6649999999984
170,99.66299999999839
171,99.66099999999838
172,99.65899999999837
173,99.65699999999836
174,99.65499999999835
175,99.65299999999834
176,99.65099999999833
177,99.64899999999832
178,99.64699999999831
179,99.6449999999983
180,99.6429999999983
181,99.64099999999829
182,99.63899999999828
183,99.63699999999827
184,99.63499999999826
185,99.63299999999825
186,99.63099999999824
187,99.62899999999823
188,99.62699999999822
189,99.62499999999821
190,99.6229999999982
191,99.62099999999819
192,99.61899999999818
193,99.61699999999817
194,99.61499999999816
195,99.61299999999815
196,99.61099999999814
197,99.60899999999813
198,99.60699999999812
199,99.60499999999811
200,99.6029999999981
201,99.6009999999981
202,99.59899999999809
203,99.59699999999808
204,99.59499999999807
205,99.59299999999806
206,99.59099999999805
207,99.58899999999804
208,99.58699999999803
209,99.58499999999802
210,99.58299999999801
211,99.580999999998
212,99.57899999999799
213,99.57699999999798
214,99.57499999999797
215,99.57299999999796
216,99.57099999999795
217,99.56899999999794
218,99.56699999999793
219,99.56499999999792
220,99.56299999999791
221,99.5609999999979
222,99.5589999999979
223,99.55699999999788
224,99.55499999999788
225,99.55299999999787
226,99.55099999999786
227,99.54899999999785
228,99.54699999999784
229,99.54499999999783
230,99.54299999999782
231,99.54099999999781
232,99.5389999999978
233,99.53699999999779
234,99.53499999999778
235,99.53299999999777
236,99.53099999999776
237,99.52899999999775
238,99.52699999999774
239,99.52499999999773
240,99.52299999999772
241,99.52099999999771
242,99.5189999999977
243,99.5169999999977
244,99.51499999999768
245,99.51299999999767
246,99.51099999999767
247,99.50899999999766
248,99.50699999999765
249,99.50499999999764
250,99.50299999999763
251,99.50199999999762
252,99.50099999999762
253,99.49999999999761
254,99.49899999999761
255,99.4979999999976
256,99.4969999999976
257,99.4959999999976
258,99.49499999999759
259,99.49399999999758
260,99.49299999999758
261,99.49199999999757
262,99.49099999999757
263,99.48999999999756
264,99.48899999999756
265,99.48799999999756
266,99.48699999999755
267,99.48599999999755
268,99.48499999999754
269,99.48399999999754
270,99.48299999999753
271,99.48199999999753
272,99.48099999999752
273,99.47999999999752
274,99.47899999999751
275,99.47799999999751
276,99.4769999999975
277,99.4759999999975
278,99.4749999999975
279,99.47399999999749
280,99.47299999999748
281,99.47199999999748
282,99.47099999999747
283,99.46999999999747
284,99.46899999999746
285,99.46799999999746
286,99.46699999999746
287,99.46599999999745
288,99.46399999999744
289,99.46199999999743
290,99.45999999999742
291,99.45799999999741
292,99.4559999999974
293,99.4539999999974
294,99.45199999999738
295,99.44999999999737
296,99.44799999999736
297,99.44599999999735
298,99.44399999999735
299,99.44199999999734
300,99.43999999999733
301,99.43799999999732
302,99.4359999999973
303,99.4339999999973
304,99.43199999999729
305,99.42999999999728
306,99.42799999999727
307,99.42599999999726
308,99.42399999999725
309,99.42199999999724
310,99.41999999999723
311,99.41799999999722
312,99.41599999999721
313,99.4139999999972
314,99.41199999999719
315,99.40999999999718
316,99.40799999999717
317,99.40599999999716
318,99.40399999999715
319,99.40199999999714
320,99.39999999999714
321,99.39799999999713
322,99.39599999999712
323,99.3939999999971
324,99.3919999999971
325,99.38999999999709
326,99.38799999999708
327,99.38599999999707
328,99.38399999999706
329,99.38199999999705
330,99.37999999999704
331,99.37799999999703
332,99.37599999999702
333,99.37399999999701
334,99.371999999997
335,99.36999999999699
336,99.36799999999698
337,99.36599999999697
338,99.36399999999696
339,99.36199999999695
340,99.35999999999694
341,99.35799999999693
342,99.35599999999692
343,99.35399999999692
344,99.3519999999969
345,99.3499999999969
346,99.34799999999689
347,99.34599999999688
348,99.34399999999687
349,99.34199999999686
350,99.33999999999685
351,99.33799999999684
352,99.33599999999683
353,99.33399999999682
354,99.33199999999681
355,99.3299999999968
356,99.32799999999679
357,99.32599999999678
358,99.32399999999677
359,99.32199999999676
360,99.31999999999675
361,99.31799999999674
362,99.31599999999673
363,99.31399999999672
364,99.31199999999671
365,99.3099999999967
366,99.3079999999967
367,99.30599999999669
368,99.30399999999668
369,99.30199999999667
370,99.29999999999666
371,99.29799999999665
372,99.29599999999664
373,99.29399999999663
374,99.29199999999662
375,99.28999999999661
376,99.2879999999966
377,99.28599999999659
378,99.28399999999658
379,99.28199999999657
380,99.28099999999657
381,99.27999999999656
382,99.27799999999655
383,99.27699999999655
384,99.27599999999654
385,99.27499999999654
386,99.27399999999653
387,99.27299999999653
388,99.27199999999652
389,99.26999999999651
390,99.26899999999651
391,99.2679999999965
392,99.2669999999965
393,99.2659999999965
394,99.26499999999649
395,99.26399999999649
396,99.26299999999648
397,99.26199999999648
398,99.26099999999647
399,99.25999999999647
400,99.25899999999646
401,99.25799999999646
402,99.25699999999645
403,99.25599999999645
404,99.25499999999644
405,99.25399999999644
406,99.25299999999643
407,99.25199999999643
408,99.25099999999642
409,99.24999999999642
410,99.24899999999641
411,99.24799999999641
412,99.2469999999964
413,99.2459999999964
414,99.2449999999964
415,99.24399999999639
416,99.24299999999639
417,99.24199999999638
418,99.24099999999638
419,99.23999999999637
420,99.23899999999637
421,99.23799999999636
422,99.23699999999636
423,99.23599999999635
424,99.23499999999635
425,99.23399999999634
426,99.23299999999634
427,99.23199999999633
428,99.23099999999633
429,99.22999999999632
430,99.22899999999632
431,99.22799999999631
432,99.22699999999631
433,99.2259999999963
434,99.2249999999963
435,99.2239999999963
436,99.22299999999629
437,99.22199999999629
438,99.22099999999628
439,99.21999999999628
440,99.21899999999627
441,99.21799999999627
442,99.21699999999626
443,99.21599999999626
444,99.21399999999625
445,99.21199999999624
446,99.20999999999623
447,99.20799999999622
448,99.20699999999621
449,99.20599999999621
450,99.2049999999962
451,99.2039999999962
452,99.2029999999962
453,99.20199999999619
454,99.20099999999618
455,99.19999999999618
456,99.19899999999618
457,99.19799999999617
458,99.19699999999617
459,99.19599999999616
460,99.19499999999616
461,99.19399999999615
462,99.19299999999615
463,99.19199999999614
464,99.19099999999614
465,99.18999999999613
466,99.18899999999613
467,99.18799999999612
468,99.18699999999612
469,99.18599999999611
470,99.18499999999611
471,99.1839999999961
472,99.1829999999961
473,99.1819999999961
474,99.18099999999609
475,99.17899999999608
476,99.17699999999607
477,99.17499999999606
478,99.17299999999605
479,99.17099999999604
480,99.16899999999603
481,99.16699999999602
482,99.16499999999601
483,99.162999999996
484,99.160999999996
485,99.15899999999598
486,99.15699999999597
487,99.15499999999597
488,99.15299999999596
489,99.15099999999595
490,99.14899999999594
491,99.14699999999593
492,99.14499999999592
493,99.14299999999591
494,99.1409999999959
495,99.13899999999589
496,99.13699999999588
497,99.13499999999587
498,99.13299999999586
499,99.13099999999585
500,99.12899999999584
501,99.12699999999583
502,99.12499999999582
503,99.12299999999581
504,99.1209999999958
505,99.1189999999958
506,99.11699999999578
507,99.11499999999577
508,99.11299999999576
509,99.11099999999576
510,99.10899999999575
511,99.10699999999574
512,99.10499999999573
513,99.10299999999572
514,99.10099999999571
515,99.0989999999957
516,99.09699999999569
517,99.09499999999568
518,99.09299999999567
519,99.09099999999566
520,99.08999999999565
521,99.08899999999565
522,99.08799999999565
523,99.08699999999564
524,99.08499999999563
525,99.08299999999562
526,99.08099999999561
527,99.0789999999956
528,99.07699999999559
529,99.07499999999558
530,99.07299999999557
531,99.07099999999556
532,99.06899999999555
533,99.06699999999555
534,99.06499999999554
535,99.06299999999553
536,99.06099999999552
537,99.0589999999955
538,99.0569999999955
539,99.05499999999549
540,99.05299999999548
541,99.05099999999547
542,99.04899999999546
543,99.04699999999545
544,99.04499999999544
545,99.04299999999543
546,99.04099999999542
547,99.03899999999541
548,99.0369999999954
549,99.03499999999539
550,99.03299999999538
551,99.03099999999537
552,99.02899999999536
553,99.02699999999535
554,99.02499999999534
555,99.02299999999533
556,99.02099999999533
557,99.01899999999532
558,99.0169999999953
559,99.0149999999953
560,99.01299999999529
561,99.01099999999528
562,99.00899999999527
563,99.00699999999526
564,99.00499999999525
565,99.00299999999524
566,99.00099999999523
567,98.99899999999522
568,98.99699999999521
569,98.9949999999952
570,98.99299999999519
571,98.99099999999518
572,98.98899999999517
573,98.98699999999516
574,98.98499999999515
575,98.98299999999514
576,98.98099999999513
577,98.97899999999512
578,98.97699999999512
579,98.9749999999951
580,98.9729999999951
581,98.97099999999509
582,98.96899999999508
583,98.96699999999507
584,98.96499999999506
585,98.96299999999505
586,98.96099999999504
587,98.95899999999503
588,98.95699999999502
589,98.95499999999501
590,98.952999999995
591,98.95099999999499
592,98.94899999999498
593,98.94699999999497
594,98.94499999999496
595,98.94299999999495
596,98.94099999999494
597,98.93899999999493
598,98.93799999999493
599,98.93599999999492
600,98.93499999999491
601,98.93399999999491
602,98.9329999999949
603,98.9319999999949
604,98.9309999999949
605,98.92999999999489
606,98.92899999999489
607,98.92799999999488
608,98.92699999999488
609,98.92599999999487
610,98.92499999999487
611,98.92399999999486
612,98.92299999999486
613,98.92199999999485
614,98.92099999999485
615,98.91999999999484
616,98.91899999999484
617,98.91799999999483
618,98.91699999999483
619,98.91599999999482
620,98.91499999999482
621,98.91299999999481
622,98.9119999999948
623,98.9109999999948
624,98.9099999999948
625,98.90899999999479
626,98.90799999999479
627,98.90699999999478
628,98.90599999999478
629,98.90499999999477
630,98.90399999999477
631,98.90299999999476
632,98.90199999999476
633,98.90099999999475
634,98.89999999999475
635,98.89899999999474
636,98.89799999999474
637,98.89699999999473
638,98.89499999999472
639,98.89399999999472
640,98.89299999999471
641,98.89199999999471
642,98.8909999999947
643,98.8899999999947
644,98.8889999999947
645,98.88799999999469
646,98.88699999999469
647,98.88599999999468
648,98.88499999999468
649,98.88399999999467
650,98.88299999999467
651,98.88099999999466
652,98.87999999999465
653,98.87899999999465
654,98.87799999999464
655,98.87699999999464
656,98.87599999999463
657,98.87499999999463
658,98.87399999999462
659,98.87299999999462
660,98.87199999999461
661,98.87099999999461
662,98.8689999999946
663,98.8679999999946
664,98.86699999999459
665,98.86599999999459
666,98.86499999999458
667,98.86399999999458
668,98.86299999999457
669,98.86199999999457
670,98.86099999999456
671,98.85999999999456
672,98.85799999999455
673,98.85699999999454
674,98.85599999999454
675,98.85499999999453
676,98.85399999999453
677,98.85299999999452
678,98.85199999999452
679,98.85099999999451
680,98.8489999999945
681,98.8479999999945
682,98.84599999999449
683,98.84399999999448
684,98.84199999999447
685,98.83999999999446
686,98.83799999999445
687,98.83599999999444
688,98.83399999999443
689,98.83199999999442
690,98.82999999999441
691,98.8279999999944
692,98.8269999999944
693,98.82499999999439
694,98.82299999999438
695,98.82099999999437
696,98.81899999999436
697,98.81699999999435
698,98.81499999999434
699,98.81299999999433
700,98.81099999999432
701,98.80899999999431
702,98.8069999999943
703,98.8049999999943
704,98.80299999999428
705,98.80099999999427
706,98.79899999999427
707,98.79699999999426
708,98.79499999999425
709,98.79299999999424
710,98.79099999999423
711,98.78899999999422
712,98.78699999999421
713,98.7849999999942
714,98.78299999999419
715,98.78099999999418
716,98.77899999999417
717,98.77699999999416
718,98.77499999999415
719,98.77299999999414
720,98.77099999999413
721,98.76899999999412
722,98.76699999999411
723,98.7649999999941
724,98.7629999999941
725,98.76099999999408
726,98.75899999999407
727,98.75699999999406
728,98.75499999999406
729,98.75299999999405
730,98.75099999999404
731,98.74899999999403
732,98.74699999999402
733,98.74499999999401
734,98.742999999994
735,98.74099999999399
736,98.73899999999398
737,98.73699999999397
738,98.73499999999396
739,98.73299999999395
740,98.73099999999394
741,98.72899999999393
742,98.72699999999392
743,98.72499999999391
744,98.7229999999939
745,98.7209999999939
746,98.71899999999388
747,98.71699999999387
748,98.71499999999386
749,98.71299999999385
750,98.71099999999385
751,98.70899999999384
752,98.70699999999383
753,98.70499999999382
754,98.7029999999938
755,98.7009999999938
756,98.69899999999379
757,98.69699999999378
758,98.69499999999377
759,98.69299999999376
760,98.69099999999375
761,98.68899999999374
762,98.68699999999373
763,98.68499999999372
764,98.68299999999371
765,98.6809999999937
766,98.67899999999369
767,98.67699999999368
768,98.67499999999367
769,98.67299999999366
770,98.67099999999365
771,98.66899999999364
772,98.66699999999364
773,98.66499999999363
774,98.66299999999362
775,98.6609999999936
776,98.6589999999936
777,98.65699999999359
778,98.65499999999358
779,98.65299999999357
780,98.65099999999356
781,98.64899999999355
782,98.64699999999354
783,98.64499999999353
784,98.64299999999352
785,98.64099999999351
786,98.6389999999935
787,98.63699999999349
788,98.63499999999348
789,98.63299999999347
790,98.63099999999346
791,98.62899999999345
792,98.62699999999344
793,98.62499999999343
794,98.62299999999343
795,98.62099999999342
796,98.6189999999934
797,98.6169999999934
798,98.61499999999339
799,98.61299999999338
800,98.61099999999337
801,98.60899999999336
802,98.60699999999335
803,98.60499999999334
804,98.60299999999333
805,98.60099999999332
806,98.59899999999331
807,98.5969999999933
808,98.59499999999329
809,98.59299999999328
810,98.59099999999327
811,98.58899999999326
812,98.58699999999325
813,98.58499999999324
814,98.58299999999323
815,98.58099999999322
816,98.57899999999321
817,98.5769999999932
818,98.5749999999932
819,98.57299999999319
820,98.57099999999318
821,98.56899999999317
822,98.56699999999316
823,98.56499999999315
824,98.56299999999314
825,98.56099999999313
826,98.55899999999312
827,98.55699999999311
828,98.5549999999931
829,98.55299999999309
830,98.55099999999308
831,98.54899999999307
832,98.54699999999306
833,98.54499999999305
834,98.54299999999304
835,98.54099999999303
836,98.53899999999302
837,98.53699999999301
838,98.534999999993
839,98.532999999993
840,98.53099999999299
841,98.52899999999298
842,98.52699999999297
843,98.52499999999296
844,98.52299999999295
845,98.52099999999294
846,98.51899999999293
847,98.51699999999292
848,98.51499999999291
849,98.5129999999929
850,98.51099999999289
851,98.50899999999288
852,98.50699999999287
853,98.50499999999286
854,98.50299999999285
855,98.50099999999284
856,98.49899999999283
857,98.49699999999282
858,98.49499999999281
859,98.4929999999928
860,98.4909999999928
861,98.48899999999279
862,98.48699999999278
863,98.48499999999277
864,98.48399999999276
865,98.48299999999276
866,98.48199999999275
867,98.47999999999274
868,98.47899999999274
869,98.47799999999273
870,98.47599999999272
871,98.47499999999272
872,98.47299999999271
873,98.4719999999927
874,98.4699999999927
875,98.46799999999268
876,98.46599999999268
877,98.46399999999267
878,98.46199999999266
879,98.45999999999265
880,98.45799999999264
881,98.45599999999263
882,98.45399999999262
883,98.45199999999261
884,98.4499999999926
885,98.4489999999926
886,98.44699999999258
887,98.44499999999258
888,98.44299999999257
889,98.44099999999256
890,98.43899999999255
891,98.43699999999254
892,98.43499999999253
893,98.43299999999252
894,98.43099999999251
895,98.4289999999925
896,98.42699999999249
897,98.42499999999248
898,98.42299999999247
899,98.42099999999246
900,98.41899999999245
901,98.41699999999244
902,98.41499999999243
903,98.41299999999242
904,98.41099999999241
905,98.4089999999924
906,98.4069999999924
907,98.40499999999238
908,98.40299999999237
909,98.40099999999237
910,98.39899999999236
911,98.39699999999235
912,98.39499999999234
913,98.39299999999233
914,98.39099999999232
915,98.38899999999231
916,98.3869999999923
917,98.38499999999229
918,98.38299999999228
919,98.38099999999227
920,98.37899999999226
921,98.37699999999225
922,98.37499999999224
923,98.37299999999223
924,98.37099999999222
925,98.36899999999221
926,98.3669999999922
927,98.3649999999922
928,98.36299999999218
929,98.36099999999217
930,98.35899999999216
931,98.35699999999215
932,98.35499999999215
933,98.35299999999214
934,98.35099999999213
935,98.34899999999212
936,98.34699999999211
937,98.3449999999921
938,98.34299999999209
939,98.34099999999208
940,98.33899999999207
941,98.33699999999206
942,98.33499999999205
943,98.33299999999204
944,98.33099999999203
945,98.32899999999202
946,98.32699999999201
947,98.324999999992
948,98.32299999999199
949,98.32099999999198
950,98.31899999999197
951,98.31699999999196
952,98.31499999999195
953,98.31299999999194
954,98.31099999999194
955,98.30899999999193
956,98.30699999999192
957,98.3049999999919
958,98.3029999999919
959,98.30099999999189
960,98.29899999999188
961,98.29699999999187
962,98.29499999999186
963,98.29299999999185
964,98.29099999999184
965,98.28899999999183
966,98.28699999999182
967,98.28499999999181
968,98.2829999999918
969,98.28099999999179
970,98.27899999999178
971,98.27699999999177
972,98.27499999999176
973,98.27299999999175
974,98.27099999999174
975,98.26899999999173
976,98.26699999999173
977,98.26499999999172
978,98.2629999999917
979,98.2609999999917
980,98.25899999999169
981,98.25699999999168
982,98.25499999999167
983,98.25299999999166
984,98.25099999999165
985,98.24899999999164
986,98.24699999999163
987,98.24499999999162
988,98.24299999999161
989,98.2409999999916
990,98.23899999999159
991,98.23699999999158
992,98.23499999999157
993,98.23299999999156
994,98.23099999999155
995,98.22899999999154
996,98.22699999999153
997,98.22499999999152
998,98.22299999999152
999,98.2209999999915
1000,98.2189999999915
1001,98.21699999999149
1002,98.21499999999148
1003,98.21299999999147
1004,98.21099999999146
1005,98.20899999999145
1006,98.20699999999144
1007,98.20499999999143
1008,98.20299999999142
1009,98.20099999999141
1010,98.1989999999914
1011,98.19699999999139
1012,98.19499999999138
1013,98.19299999999137
1014,98.19099999999136
1015,98.18899999999135
1016,98.18699999999134
1017,98.18499999999133
1018,98.18299999999132
1019,98.18099999999131
1020,98.1789999999913
1021,98.1769999999913
1022,98.17499999999129
1023,98.17299999999128
1024,98.17099999999127
1025,98.16899999999126
1026,98.16699999999125
1027,98.16499999999124
1028,98.16299999999123
1029,98.16099999999122
1030,98.15899999999121
1031,98.1569999999912
1032,98.15499999999119
1033,98.15299999999118
1034,98.15099999999117
1035,98.14899999999116
1036,98.14699999999115
1037,98.14499999999114
1038,98.14299999999113
1039,98.14099999999112
1040,98.13899999999111
1041,98.1369999999911
1042,98.1349999999911
1043,98.13299999999109
1044,98.13099999999108
1045,98.12899999999107
1046,98.12699999999106
1047,98.12499999999105
1048,98.12299999999104
1049,98.12099999999103
1050,98.11899999999102
1051,98.11699999999101
1052,98.115999999991
1053,98.114999999991
1054,98.113999999991
1055,98.11299999999099
1056,98.11199999999099
1057,98.11099999999098
1058,98.10999999999098
1059,98.10799999999097
1060,98.10699999999096
1061,98.10599999999096
1062,98.10499999999095
1063,98.10399999999095
1064,98.10299999999094
1065,98.10099999999093
1066,98.09999999999093
1067,98.09899999999092
1068,98.09799999999092
1069,98.09699999999091
1070,98.09599999999091
1071,98.0949999999909
1072,98.0939999999909
1073,98.09199999999089
1074,98.08999999999088
1075,98.08799999999087
1076,98.08599999999086
1077,98.08399999999085
1078,98.08299999999085
1079,98.08199999999084
1080,98.08099999999084
1081,98.07899999999083
1082,98.07699999999082
1083,98.07499999999081
1084,98.0729999999908
1085,98.07099999999079
1086,98.06899999999078
1087,98.06699999999077
1088,98.06499999999076
1089,98.06299999999075
1090,98.06099999999074
1091,98.05899999999073
1092,98.05699999999072
1093,98.05499999999071
1094,98.0529999999907
1095,98.0509999999907
1096,98.04899999999068
1097,98.04699999999067
1098,98.04499999999067
1099,98.04299999999066
1100,98.04099999999065
1101,98.03899999999064
1102,98.03699999999063
1103,98.03499999999062
1104,98.03299999999061
1105,98.0309999999906
1106,98.02899999999059
1107,98.02699999999058
1108,98.02499999999057
1109,98.02299999999056
1110,98.02099999999055
1111,98.01899999999054
1112,98.01699999999053
1113,98.01499999999052
1114,98.01299999999051
1115,98.0109999999905
1116,98.0089999999905
1117,98.00699999999048
1118,98.00499999999047
1119,98.00299999999046
1120,98.00099999999046
1121,97.99899999999045
1122,97.99699999999044
1123,97.99499999999043
1124,97.99299999999042
1125,97.99099999999041
1126,97.9889999999904
1127,97.98699999999039
1128,97.98499999999038
1129,97.98299999999037
1130,97.98099999999036
1131,97.97899999999035
1132,97.97699999999034
1133,97.97499999999033
1134,97.97299999999032
1135,97.97099999999031
1136,97.9689999999903
1137,97.96699999999029
1138,97.96499999999028
1139,97.96299999999027
1140,97.96099999999026
1141,97.95899999999025
1142,97.95699999999024
1143,97.95499999999024
1144,97.95299999999023
1145,97.95099999999022
1146,97.9489999999902
1147,97.9469999999902
1148,97.94499999999019
1149,97.94399999999018
1150,97.94299999999018
1151,97.94199999999017
1152,97.93999999999016
1153,97.93899999999016
1154,97.93799999999015
1155,97.93699999999015
1156,97.93599999999014
1157,97.93499999999014
1158,97.93399999999014
1159,97.93299999999013
1160,97.93199999999013
1161,97.93099999999012
1162,97.92999999999012
1163,97.92899999999011
1164,97.9279999999901
1165,97.9269999999901
1166,97.9259999999901
1167,97.92499999999009
1168,97.92399999999009
1169,97.92299999999008
1170,97.92199999999008
1171,97.92099999999007
1172,97.91999999999007
1173,97.91899999999006
1174,97.91799999999006
1175,97.91699999999005
1176,97.91599999999005
1177,97.91499999999004
1178,97.91399999999004
1179,97.91299999999003
1180,97.91199999999003
1181,97.91099999999003
1182,97.90999999999002
1183,97.90899999999002
1184,97.90799999999001
1185,97.90699999999
1186,97.90599999999
1187,97.90499999999
1188,97.90399999998999
1189,97.90299999998999
1190,97.90199999998998
1191,97.90099999998998
1192,97.89999999998997
1193,97.89899999998997
1194,97.89799999998996
1195,97.89699999998996
1196,97.89599999998995
1197,97.89499999998995
1198,97.89299999998994
1199,97.89099999998993
1200,97.88899999998992
1201,97.88699999998991
1202,97.8849999999899
1203,97.88299999998989
1204,97.88099999998988
1205,97.87899999998987
1206,97.87699999998986
1207,97.87499999998985
1208,97.87299999998984
1209,97.87099999998983
1210,97.86899999998982
1211,97.86699999998982
1212,97.8649999999898
1213,97.8629999999898
1214,97.86099999998979
1215,97.85899999998978
1216,97.85699999998977
1217,97.85499999998976
1218,97.85299999998975
1219,97.85099999998974
1220,97.84899999998973
1221,97.84699999998972
1222,97.84499999998971
1223,97.8429999999897
1224,97.84099999998969
1225,97.83899999998968
1226,97.83699999998967
1227,97.83499999998966
1228,97.83299999998965
1229,97.83099999998964
1230,97.82899999998963
1231,97.82699999998962
1232,97.82499999998961
1233,97.8229999999896
1234,97.8209999999896
1235,97.81899999998959
1236,97.81699999998958
1237,97.81499999998957
1238,97.81299999998956
1239,97.81099999998955
1240,97.80899999998954
1241,97.80699999998953
1242,97.80499999998952
1243,97.80299999998951
1244,97.8009999999895
1245,97.79899999998949
1246,97.79699999998948
1247,97.79499999998947
1248,97.79299999998946
1249,97.79099999998945
1250,97.78899999998944
1251,97.78699999998943
1252,97.78499999998942
1253,97.78299999998941
1254,97.7809999999894
1255,97.7789999999894
1256,97.77699999998939
1257,97.77499999998938
1258,97.77299999998937
1259,97.77099999998936
1260,97.76899999998935
1261,97.76699999998934
1262,97.76499999998933
1263,97.76299999998932
1264,97.76099999998931
1265,97.7589999999893
1266,97.75699999998929
1267,97.75499999998928
1268,97.75299999998927
1269,97.75099999998926
1270,97.74899999998925
1271,97.74699999998924
1272,97.74499999998923
1273,97.74299999998922
1274,97.74099999998921
1275,97.7389999999892
1276,97.7369999999892
1277,97.73499999998918
1278,97.73299999998918
1279,97.73099999998917
1280,97.72899999998916
1281,97.72699999998915
1282,97.72499999998914
1283,97.72299999998913
1284,97.72099999998912
1285,97.71899999998911
1286,97.7169999999891
1287,97.71499999998909
1288,97.71299999998908
1289,97.71099999998907
1290,97.70899999998906
1291,97.70699999998905
1292,97.70499999998904
1293,97.70299999998903
1294,97.70099999998902
1295,97.69899999998901
1296,97.696999999989
1297,97.694999999989
1298,97.69299999998898
1299,97.69099999998897
1300,97.68899999998897
1301,97.68699999998896
1302,97.68599999998895
1303,97.68499999998895
1304,97.68399999998894
1305,97.68299999998894
1306,97.68199999998893
1307,97.68099999998893
1308,97.67999999998892
1309,97.67899999998892
1310,97.67799999998891
1311,97.67699999998891
1312,97.6759999999889
1313,97.6749999999889
1314,97.6739999999889
1315,97.67299999998889
1316,97.67199999998888
1317,97.67099999998888
1318,97.66999999998887
1319,97.66899999998887
1320,97.66799999998887
1321,97.66699999998886
1322,97.66599999998886
1323,97.66399999998885
1324,97.66299999998884
1325,97.66199999998884
1326,97.66099999998883
1327,97.65999999998883
1328,97.65899999998882
1329,97.65799999998882
1330,97.65699999998881
1331,97.65599999998881
1332,97.6549999999888
1333,97.6539999999888
1334,97.6529999999888
1335,97.65199999998879
1336,97.65099999998878
1337,97.64999999998878
1338,97.64899999998877
1339,97.64699999998876
1340,97.64599999998876
1341,97.64499999998876
1342,97.64399999998875
1343,97.64299999998875
1344,97.64199999998874
1345,97.64099999998874
1346,97.63999999998873
1347,97.63899999998873
1348,97.63799999998872
1349,97.63699999998872
1350,97.63599999998871
1351,97.63499999998871
1352,97.6329999999887
1353,97.6319999999887
1354,97.63099999998869
1355,97.62999999998868
1356,97.62899999998868
1357,97.62799999998867
1358,97.62699999998867
1359,97.62599999998866
1360,97.62499999998866
1361,97.62399999998865
1362,97.62299999998865
1363,97.62099999998864
1364,97.61999999998864
1365,97.61899999998863
1366,97.61799999998863
1367,97.61699999998862
1368,97.61599999998862
1369,97.61499999998861
1370,97.61399999998861
1371,97.6129999999886
1372,97.61099999998859
1373,97.60999999998859
1374,97.60899999998858
1375,97.60799999998858
1376,97.60699999998857
1377,97.60599999998857
1378,97.60499999998856
1379,97.60299999998855
1380,97.60199999998855
1381,97.60099999998855
1382,97.59999999998854
1383,97.59899999998854
1384,97.59799999998853
1385,97.59599999998852
1386,97.59499999998852
1387,97.59399999998851
1388,97.5929999999885
1389,97.5919999999885
1390,97.5909999999885
1391,97.58899999998849
1392,97.58799999998848
1393,97.58699999998848
1394,97.58599999998847
1395,97.58399999998846
1396,97.58299999998846
1397,97.58199999998845
1398,97.58099999998845
1399,97.57899999998844
1400,97.57799999998844
1401,97.57699999998843
1402,97.57599999998843
1403,97.57399999998842
1404,97.57299999998841
1405,97.5719999999884
1406,97.5699999999884
1407,97.56899999998839
1408,97.56799999998839
1409,97.56699999998838
1410,97.56599999998838
1411,97.56499999998837
1412,97.56399999998837
1413,97.56299999998836
1414,97.56199999998836
1415,97.56099999998835
1416,97.55999999998835
1417,97.55899999998834
1418,97.55799999998834
1419,97.55699999998834
1420,97.55599999998833
1421,97.55499999998833
1422,97.55399999998832
1423,97.55299999998832
1424,97.55199999998831
1425,97.5509999999883
1426,97.5499999999883
1427,97.5489999999883
1428,97.54799999998829
1429,97.54699999998829
1430,97.54599999998828
1431,97.54499999998828
1432,97.54399999998827
1433,97.54299999998827
1434,97.54199999998826
1435,97.54099999998826
1436,97.53999999998825
1437,97.53899999998825
1438,97.53799999998824
1439,97.53699999998824
1440,97.53599999998823
1441,97.53499999998823
1442,97.53399999998823
1443,97.53299999998822
1444,97.53199999998822
1445,97.53099999998821
1446,97.5299999999882
1447,97.5289999999882
1448,97.5279999999882
1449,97.52699999998819
1450,97.52599999998819
1451,97.52399999998818
1452,97.52199999998817
1453,97.51999999998816
1454,97.51799999998815
1455,97.51599999998814
1456,97.51399999998813
1457,97.51199999998812
1458,97.50999999998811
1459,97.5079999999881
1460,97.50599999998809
1461,97.50399999998808
1462,97.50199999998807
1463,97.49999999998806
1464,97.49799999998805
1465,97.49599999998804
1466,97.49399999998803
1467,97.49199999998802
1468,97.48999999998802
1469,97.487999999988
1470,97.485999999988
1471,97.48399999998799
1472,97.48199999998798
1473,97.47999999998797
1474,97.47799999998796
1475,97.47599999998795
1476,97.47399999998794
1477,97.47199999998793
1478,97.46999999998792
1479,97.46799999998791
1480,97.4659999999879
1481,97.46399999998789
1482,97.46199999998788
1483,97.45999999998787
1484,97.45799999998786
1485,97.45599999998785
1486,97.45399999998784
1487,97.45199999998783
1488,97.44999999998782
1489,97.44799999998781
1490,97.4459999999878
1491,97.4439999999878
1492,97.44199999998779
1493,97.43999999998778
1494,97.43799999998777
1495,97.43599999998776
1496,97.43399999998775
1497,97.43199999998774
1498,97.42999999998773
1499,97.42799999998772
1500,97.42599999998771
1501,97.4239999999877
1502,97.42199999998769
1503,97.41999999998768
1504,97.41799999998767
1505,97.41599999998766
1506,97.41399999998765
1507,97.41199999998764
1508,97.40999999998763
1509,97.40799999998762
1510,97.40599999998761
1511,97.4039999999876
1512,97.4019999999876
1513,97.39999999998759
1514,97.39799999998758
1515,97.39599999998757
1516,97.39399999998756
1517,97.39199999998755
1518,97.38999999998754
1519,97.38799999998753
1520,97.38599999998752
1521,97.38399999998751
1522,97.3819999999875
1523,97.37999999998749
1524,97.37799999998748
1525,97.37599999998747
1526,97.37399999998746
1527,97.37199999998745
1528,97.36999999998744
1529,97.36799999998743
1530,97.36599999998742
1531,97.36399999998741
1532,97.3619999999874
1533,97.3599999999874
1534,97.35799999998738
1535,97.35599999998738
1536,97.35399999998737
1537,97.35199999998736
1538,97.34999999998735
1539,97.34799999998734
1540,97.34599999998733
1541,97.34399999998732
1542,97.34199999998731
1543,97.3399999999873
1544,97.33799999998729
1545,97.33599999998728
1546,97.33399999998727
1547,97.33199999998726
1548,97.32999999998725
1549,97.32799999998724
1550,97.32599999998723
1551,97.32399999998722
1552,97.32199999998721
1553,97.3199999999872
1554,97.3179999999872
1555,97.31599999998718
1556,97.31399999998717
1557,97.31199999998717
1558,97.30999999998716
1559,97.30799999998715
1560,97.30599999998714
1561,97.30399999998713
1562,97.30199999998712
1563,97.29999999998711
1564,97.2979999999871
1565,97.29599999998709
1566,97.29399999998708
1567,97.29199999998707
1568,97.28999999998706
1569,97.28799999998705
1570,97.28599999998704
1571,97.28399999998703
1572,97.28199999998702
1573,97.27999999998701
1574,97.277999999987
1575,97.275999999987
1576,97.27399999998698
1577,97.27199999998697
1578,97.26999999998696
1579,97.26799999998696
1580,97.26599999998695
1581,97.26399999998694
1582,97.26199999998693
1583,97.25999999998692
1584,97.25799999998691
1585,97.2559999999869
1586,97.25399999998689
1587,97.25199999998688
1588,97.24999999998687
1589,97.24799999998686
1590,97.24599999998685
1591,97.24399999998684
1592,97.24199999998683
1593,97.23999999998682
1594,97.23799999998681
1595,97.2359999999868
1596,97.23399999998679
1597,97.23199999998678
1598,97.22999999998677
1599,97.22799999998676
1600,97.22599999998675
1601,97.22499999998675
1602,97.22399999998675
1603,97.22299999998674
1604,97.22199999998674
1605,97.22099999998673
1606,97.21999999998673
1607,97.21799999998672
1608,97.21699999998671
1609,97.2159999999867
1610,97.2149999999867
1611,97.2139999999867
1612,97.21299999998669
1613,97.21199999998669
1614,97.21099999998668
1615,97.20999999998668
1616,97.20899999998667
1617,97.20699999998666
1618,97.20599999998666
1619,97.20499999998665
1620,97.20399999998665
1621,97.20299999998664
1622,97.20199999998664
1623,97.20099999998664
1624,97.19999999998663
1625,97.19799999998662
1626,97.19699999998662
1627,97.19599999998661
1628,97.1949999999866
1629,97.1939999999866
1630,97.1929999999866
1631,97.19199999998659
1632,97.19099999998659
1633,97.18899999998658
1634,97.18799999998657
1635,97.18699999998657
1636,97.18599999998656
1637,97.18499999998656
1638,97.18399999998655
1639,97.18299999998655
1640,97.18099999998654
1641,97.17999999998653
1642,97.17899999998653
1643,97.17799999998653
1644,97.17699999998652
1645,97.17599999998652
1646,97.1739999999865
1647,97.1729999999865
1648,97.1719999999865
1649,97.17099999998649
1650,97.16999999998649
1651,97.16799999998648
1652,97.16599999998647
1653,97.16399999998646
1654,97.16199999998645
1655,97.15999999998644
1656,97.15799999998643
1657,97.15599999998642
1658,97.15399999998641
1659,97.1519999999864
1660,97.14999999998639
1661,97.14799999998638
1662,97.14599999998637
1663,97.14399999998636
1664,97.14199999998635
1665,97.13999999998634
1666,97.13799999998633
1667,97.13599999998632
1668,97.13399999998632
1669,97.1319999999863
